input file:/home/root/klotski/ae_programs/klotski_benchmarks/imgs/inputDir/ppm/download

output file:/home/root/klotski/ae_programs/klotski_benchmarks/imgs/outputDir/jpg/download

/home/root/klotski/ae_programs/klotski_benchmarks/imgs/inputDir/ppm/download_0.ppm
0.0046280000000
0.0036730000000
0.0035430000000
0.0034960000000
0.0035190000000
0.0034880000000
0.0036060000000
0.0035590000000
0.0035860000000
0.0036120000000
0.0035650000000
0.0034610000000
0.0034980000000
0.0034920000000
0.0034420000000
0.0034340000000
0.0034750000000
0.0035560000000
0.0035080000000
0.0034450000000
0.0035540000000
0.0035110000000
0.0034480000000
0.0034700000000
0.0036180000000
0.0035740000000
0.0035160000000
0.0035050000000
0.0035210000000
0.0035440000000
0.0035640000000
0.0035020000000
0.0035920000000
0.0035240000000
0.0034710000000
0.0034810000000
0.0037920000000
0.0036940000000
0.0040330000000
0.0039770000000
0.0039140000000
0.0035730000000
0.0035200000000
0.0035000000000
0.0035690000000
0.0035260000000
0.0034610000000
0.0034810000000
0.0035330000000
0.0035640000000
/home/root/klotski/ae_programs/klotski_benchmarks/imgs/inputDir/ppm/download_1.ppm
0.0027580000000
0.0026650000000
0.0027030000000
0.0026520000000
0.0026680000000
0.0027070000000
0.0028400000000
0.0028350000000
0.0027370000000
0.0026720000000
0.0027310000000
0.0027450000000
0.0027140000000
0.0026610000000
0.0027510000000
0.0027650000000
0.0026610000000
0.0026900000000
0.0026850000000
0.0026780000000
0.0026640000000
0.0027030000000
0.0027390000000
0.0027260000000
0.0026730000000
0.0026490000000
0.0027100000000
0.0026830000000
0.0026950000000
0.0026960000000
0.0027290000000
0.0026950000000
0.0027310000000
0.0026860000000
0.0027100000000
0.0027010000000
0.0027090000000
0.0026250000000
0.0026860000000
0.0027450000000
0.0026690000000
0.0026520000000
0.0026910000000
0.0026760000000
0.0026770000000
0.0026450000000
0.0027390000000
0.0026550000000
0.0026490000000
0.0026210000000
/home/root/klotski/ae_programs/klotski_benchmarks/imgs/inputDir/ppm/download_2.ppm
0.0031810000000
0.0031210000000
0.0031910000000
0.0031230000000
0.0031720000000
0.0032190000000
0.0031620000000
0.0030840000000
0.0031660000000
0.0031290000000
0.0031330000000
0.0030500000000
0.0031730000000
0.0031010000000
0.0031300000000
0.0031080000000
0.0031820000000
0.0031470000000
0.0031010000000
0.0031240000000
0.0031550000000
0.0031680000000
0.0031370000000
0.0031190000000
0.0031630000000
0.0031620000000
0.0031390000000
0.0031540000000
0.0031640000000
0.0031270000000
0.0031460000000
0.0031220000000
0.0031620000000
0.0031610000000
0.0030900000000
0.0030820000000
0.0032100000000
0.0032300000000
0.0031570000000
0.0031690000000
0.0031580000000
0.0031950000000
0.0031100000000
0.0032020000000
0.0032870000000
0.0032380000000
0.0032550000000
0.0031520000000
0.0032640000000
0.0031590000000
/home/root/klotski/ae_programs/klotski_benchmarks/imgs/inputDir/ppm/download_3.ppm
0.0039310000000
0.0039440000000
0.0039840000000
0.0040330000000
0.0040430000000
0.0040420000000
0.0041280000000
0.0039990000000
0.0040390000000
0.0039870000000
0.0040380000000
0.0040370000000
0.0040040000000
0.0040310000000
0.0040230000000
0.0040300000000
0.0038630000000
0.0039350000000
0.0039510000000
0.0040530000000
0.0039280000000
0.0039930000000
0.0040510000000
0.0040820000000
0.0039500000000
0.0040430000000
0.0040660000000
0.0039560000000
0.0040220000000
0.0040280000000
0.0039780000000
0.0040680000000
0.0042170000000
0.0046920000000
0.0044240000000
0.0039800000000
0.0041230000000
0.0040380000000
0.0039460000000
0.0040730000000
0.0040990000000
0.0039870000000
0.0039480000000
0.0040600000000
0.0039990000000
0.0040570000000
0.0039870000000
0.0038940000000
0.0039720000000
0.0043860000000
/home/root/klotski/ae_programs/klotski_benchmarks/imgs/inputDir/ppm/download_4.ppm
0.0047750000000
0.0041430000000
0.0040080000000
0.0039670000000
0.0040420000000
0.0040650000000
0.0040100000000
0.0039890000000
0.0041100000000
0.0040050000000
0.0040600000000
0.0040410000000
0.0040620000000
0.0039620000000
0.0040360000000
0.0040180000000
0.0040650000000
0.0039660000000
0.0042100000000
0.0039610000000
0.0039600000000
0.0040030000000
0.0039780000000
0.0039700000000
0.0040810000000
0.0043940000000
0.0049390000000
0.0039020000000
0.0039830000000
0.0038740000000
0.0039100000000
0.0039600000000
0.0039160000000
0.0039510000000
0.0039870000000
0.0040300000000
0.0039980000000
0.0041550000000
0.0040740000000
0.0040410000000
0.0039240000000
0.0040980000000
0.0040180000000
0.0040010000000
0.0040850000000
0.0039480000000
0.0040600000000
0.0038880000000
0.0039970000000
0.0040050000000
/home/root/klotski/ae_programs/klotski_benchmarks/imgs/inputDir/ppm/download_5.ppm
0.0040350000000
0.0041000000000
0.0040640000000
0.0039530000000
0.0039790000000
0.0039320000000
0.0040320000000
0.0039700000000
0.0040460000000
0.0039210000000
0.0039250000000
0.0040020000000
0.0042660000000
0.0040630000000
0.0040770000000
0.0039860000000
0.0039960000000
0.0040080000000
0.0040830000000
0.0040020000000
0.0039910000000
0.0040630000000
0.0040670000000
0.0039820000000
0.0040090000000
0.0040440000000
0.0040930000000
0.0040700000000
0.0041570000000
0.0040130000000
0.0039710000000
0.0040010000000
0.0041210000000
0.0041310000000
0.0041310000000
0.0044470000000
0.0043330000000
0.0041140000000
0.0040670000000
0.0041180000000
0.0041650000000
0.0042580000000
0.0040310000000
0.0040560000000
0.0040600000000
0.0039710000000
0.0040900000000
0.0040400000000
0.0039750000000
0.0039990000000
/home/root/klotski/ae_programs/klotski_benchmarks/imgs/inputDir/ppm/download_6.ppm
0.0036720000000
0.0036260000000
0.0036040000000
0.0036320000000
0.0038290000000
0.0037130000000
0.0037000000000
0.0036180000000
0.0036910000000
0.0036020000000
0.0036630000000
0.0037480000000
0.0035840000000
0.0037050000000
0.0036100000000
0.0035850000000
0.0037050000000
0.0035780000000
0.0037070000000
0.0036060000000
0.0036150000000
0.0036570000000
0.0036460000000
0.0036610000000
0.0036500000000
0.0036850000000
0.0036900000000
0.0037220000000
0.0037280000000
0.0036330000000
0.0036170000000
0.0036910000000
0.0037150000000
0.0036970000000
0.0035940000000
0.0036230000000
0.0036150000000
0.0036590000000
0.0037070000000
0.0036800000000
0.0036560000000
0.0036590000000
0.0037230000000
0.0036230000000
0.0037230000000
0.0035640000000
0.0036760000000
0.0036360000000
0.0036880000000
0.0037150000000
/home/root/klotski/ae_programs/klotski_benchmarks/imgs/inputDir/ppm/download_7.ppm
0.0037480000000
0.0037150000000
0.0036840000000
0.0036790000000
0.0038620000000
0.0037910000000
0.0037290000000
0.0036920000000
0.0037870000000
0.0037790000000
0.0036940000000
0.0036830000000
0.0036620000000
0.0036930000000
0.0036510000000
0.0037750000000
0.0036390000000
0.0036610000000
0.0037670000000
0.0036430000000
0.0037390000000
0.0036740000000
0.0037530000000
0.0037750000000
0.0036990000000
0.0037660000000
0.0037510000000
0.0037060000000
0.0037600000000
0.0036350000000
0.0038350000000
0.0038470000000
0.0037350000000
0.0037350000000
0.0039330000000
0.0039510000000
0.0039840000000
0.0040760000000
0.0038110000000
0.0037010000000
0.0038060000000
0.0036650000000
0.0037010000000
0.0036710000000
0.0036840000000
0.0037380000000
0.0038590000000
0.0037550000000
0.0037500000000
0.0036410000000
/home/root/klotski/ae_programs/klotski_benchmarks/imgs/inputDir/ppm/download_8.ppm
0.0034070000000
0.0032270000000
0.0033140000000
0.0033540000000
0.0032900000000
0.0034550000000
0.0033820000000
0.0033290000000
0.0032670000000
0.0033980000000
0.0035430000000
0.0041660000000
0.0037310000000
0.0039010000000
0.0033780000000
0.0033050000000
0.0032930000000
0.0032920000000
0.0033580000000
0.0033070000000
0.0033570000000
0.0032650000000
0.0033500000000
0.0032990000000
0.0033570000000
0.0033730000000
0.0033820000000
0.0032590000000
0.0036450000000
0.0033500000000
0.0034660000000
0.0032870000000
0.0033760000000
0.0033460000000
0.0033170000000
0.0032530000000
0.0032930000000
0.0036880000000
0.0035630000000
0.0032420000000
0.0034400000000
0.0033420000000
0.0033640000000
0.0033180000000
0.0033560000000
0.0033020000000
0.0033460000000
0.0032830000000
0.0033390000000
0.0033980000000
/home/root/klotski/ae_programs/klotski_benchmarks/imgs/inputDir/ppm/download_9.ppm
0.0042400000000
0.0051360000000
0.0050320000000
0.0045220000000
0.0041740000000
0.0043340000000
0.0042370000000
0.0042240000000
0.0046650000000
0.0044130000000
0.0042720000000
0.0043840000000
0.0043620000000
0.0046010000000
0.0042080000000
0.0049920000000
0.0042350000000
0.0044700000000
0.0043570000000
0.0044140000000
0.0044660000000
0.0042110000000
0.0044830000000
0.0042010000000
0.0043630000000
0.0041660000000
0.0051370000000
0.0043550000000
0.0042920000000
0.0046630000000
0.0042890000000
0.0042910000000
0.0043600000000
0.0042840000000
0.0042040000000
0.0043790000000
0.0042440000000
0.0042430000000
0.0045090000000
0.0042160000000
0.0043000000000
0.0041900000000
0.0045070000000
0.0042060000000
0.0042570000000
0.0042410000000
0.0042900000000
0.0048400000000
0.0050920000000
0.0044380000000
all done
