input file:/home/root/klotski/ae_programs/klotski_benchmarks/imgs/inputDir/ppm/download

output file:/home/root/klotski/ae_programs/klotski_benchmarks/imgs/outputDir/jpg/download

/home/root/klotski/ae_programs/klotski_benchmarks/imgs/inputDir/ppm/download_0.ppm
0.0046920000000
0.0032660000000
0.0033000000000
0.0034000000000
0.0032530000000
0.0033520000000
0.0033450000000
0.0034240000000
0.0032240000000
0.0032560000000
0.0032080000000
0.0033160000000
0.0032120000000
0.0032270000000
0.0032330000000
0.0032490000000
0.0032490000000
0.0032040000000
0.0031500000000
0.0034810000000
0.0032160000000
0.0034870000000
0.0033070000000
0.0033430000000
0.0032050000000
0.0034860000000
0.0040090000000
0.0040560000000
0.0040830000000
0.0041130000000
0.0041100000000
0.0037390000000
0.0032990000000
0.0033410000000
0.0035440000000
0.0035570000000
0.0038190000000
0.0033950000000
0.0032620000000
0.0032700000000
0.0032740000000
0.0032650000000
0.0032400000000
0.0032100000000
0.0034230000000
0.0032220000000
0.0034100000000
0.0031830000000
0.0034920000000
0.0032620000000
/home/root/klotski/ae_programs/klotski_benchmarks/imgs/inputDir/ppm/download_1.ppm
0.0024710000000
0.0028130000000
0.0024800000000
0.0024940000000
0.0024520000000
0.0025970000000
0.0024510000000
0.0024560000000
0.0028590000000
0.0024730000000
0.0024760000000
0.0025690000000
0.0024730000000
0.0024400000000
0.0024380000000
0.0028450000000
0.0024410000000
0.0024570000000
0.0026460000000
0.0024490000000
0.0025060000000
0.0024660000000
0.0025200000000
0.0026220000000
0.0025320000000
0.0026420000000
0.0024680000000
0.0024900000000
0.0024790000000
0.0028140000000
0.0024920000000
0.0024680000000
0.0028220000000
0.0024490000000
0.0024910000000
0.0024930000000
0.0026830000000
0.0024390000000
0.0024570000000
0.0026470000000
0.0027100000000
0.0024660000000
0.0025260000000
0.0026240000000
0.0024530000000
0.0024150000000
0.0025100000000
0.0027570000000
0.0024530000000
0.0025180000000
/home/root/klotski/ae_programs/klotski_benchmarks/imgs/inputDir/ppm/download_2.ppm
0.0029720000000
0.0029670000000
0.0030000000000
0.0028550000000
0.0029450000000
0.0029630000000
0.0029400000000
0.0029170000000
0.0029650000000
0.0029210000000
0.0029530000000
0.0029120000000
0.0029580000000
0.0029550000000
0.0029060000000
0.0029300000000
0.0029830000000
0.0030840000000
0.0030260000000
0.0029820000000
0.0029860000000
0.0029660000000
0.0029260000000
0.0028960000000
0.0029310000000
0.0029570000000
0.0029340000000
0.0029110000000
0.0029230000000
0.0029200000000
0.0029560000000
0.0029180000000
0.0029400000000
0.0029660000000
0.0029160000000
0.0029140000000
0.0029780000000
0.0030020000000
0.0029760000000
0.0029300000000
0.0029600000000
0.0029650000000
0.0029310000000
0.0028830000000
0.0029960000000
0.0029470000000
0.0029770000000
0.0029640000000
0.0030070000000
0.0029740000000
/home/root/klotski/ae_programs/klotski_benchmarks/imgs/inputDir/ppm/download_3.ppm
0.0037640000000
0.0036930000000
0.0038330000000
0.0037610000000
0.0037490000000
0.0037220000000
0.0039250000000
0.0037840000000
0.0037250000000
0.0036960000000
0.0038270000000
0.0038080000000
0.0037740000000
0.0037290000000
0.0038280000000
0.0038090000000
0.0036760000000
0.0037240000000
0.0037300000000
0.0038210000000
0.0037710000000
0.0037270000000
0.0038070000000
0.0037660000000
0.0037450000000
0.0038290000000
0.0037480000000
0.0037390000000
0.0038040000000
0.0037860000000
0.0040170000000
0.0040540000000
0.0047190000000
0.0043320000000
0.0038550000000
0.0038100000000
0.0037750000000
0.0037790000000
0.0040030000000
0.0038570000000
0.0039300000000
0.0037520000000
0.0039690000000
0.0038130000000
0.0040620000000
0.0037070000000
0.0040550000000
0.0038590000000
0.0039810000000
0.0036740000000
/home/root/klotski/ae_programs/klotski_benchmarks/imgs/inputDir/ppm/download_4.ppm
0.0040200000000
0.0038570000000
0.0041080000000
0.0038310000000
0.0041200000000
0.0038350000000
0.0040190000000
0.0038490000000
0.0046860000000
0.0042800000000
0.0037990000000
0.0037930000000
0.0037680000000
0.0037940000000
0.0037350000000
0.0037250000000
0.0037660000000
0.0037410000000
0.0038110000000
0.0038060000000
0.0037750000000
0.0038410000000
0.0037090000000
0.0037290000000
0.0037880000000
0.0037980000000
0.0038400000000
0.0037380000000
0.0038260000000
0.0037560000000
0.0037820000000
0.0037230000000
0.0037240000000
0.0038090000000
0.0038500000000
0.0038330000000
0.0037920000000
0.0037630000000
0.0037410000000
0.0038060000000
0.0037520000000
0.0038170000000
0.0038000000000
0.0037260000000
0.0037990000000
0.0037280000000
0.0038040000000
0.0037420000000
0.0038090000000
0.0037650000000
/home/root/klotski/ae_programs/klotski_benchmarks/imgs/inputDir/ppm/download_5.ppm
0.0038220000000
0.0037300000000
0.0038160000000
0.0037090000000
0.0038280000000
0.0036580000000
0.0037500000000
0.0037830000000
0.0037650000000
0.0037800000000
0.0039370000000
0.0037650000000
0.0037890000000
0.0037640000000
0.0037600000000
0.0037660000000
0.0037600000000
0.0038090000000
0.0037930000000
0.0037220000000
0.0037120000000
0.0037020000000
0.0038000000000
0.0038260000000
0.0037200000000
0.0038080000000
0.0037730000000
0.0037340000000
0.0038280000000
0.0037470000000
0.0037890000000
0.0037080000000
0.0037590000000
0.0038490000000
0.0038710000000
0.0041220000000
0.0041470000000
0.0038010000000
0.0037750000000
0.0037550000000
0.0040510000000
0.0037500000000
0.0039870000000
0.0037000000000
0.0040400000000
0.0037570000000
0.0039980000000
0.0036730000000
0.0041160000000
0.0036810000000
/home/root/klotski/ae_programs/klotski_benchmarks/imgs/inputDir/ppm/download_6.ppm
0.0035410000000
0.0033420000000
0.0036020000000
0.0033710000000
0.0035180000000
0.0034280000000
0.0036470000000
0.0033190000000
0.0035680000000
0.0033530000000
0.0034820000000
0.0033670000000
0.0033030000000
0.0034650000000
0.0035500000000
0.0034140000000
0.0035300000000
0.0033660000000
0.0035210000000
0.0034240000000
0.0033230000000
0.0034800000000
0.0033720000000
0.0036780000000
0.0034060000000
0.0036420000000
0.0033940000000
0.0035740000000
0.0035170000000
0.0037190000000
0.0033800000000
0.0036510000000
0.0033250000000
0.0036600000000
0.0033060000000
0.0035210000000
0.0033410000000
0.0036300000000
0.0033190000000
0.0034750000000
0.0034940000000
0.0036560000000
0.0033950000000
0.0036840000000
0.0033450000000
0.0036450000000
0.0033850000000
0.0035750000000
0.0033280000000
0.0035360000000
/home/root/klotski/ae_programs/klotski_benchmarks/imgs/inputDir/ppm/download_7.ppm
0.0034120000000
0.0035680000000
0.0034390000000
0.0036480000000
0.0034900000000
0.0035610000000
0.0034930000000
0.0035570000000
0.0033710000000
0.0035230000000
0.0034180000000
0.0034690000000
0.0034490000000
0.0036020000000
0.0033530000000
0.0033780000000
0.0036170000000
0.0035360000000
0.0034920000000
0.0034290000000
0.0035000000000
0.0035000000000
0.0035220000000
0.0033850000000
0.0035550000000
0.0034170000000
0.0034920000000
0.0035060000000
0.0034310000000
0.0035240000000
0.0033940000000
0.0035000000000
0.0034930000000
0.0034360000000
0.0035110000000
0.0034850000000
0.0035620000000
0.0033880000000
0.0036510000000
0.0034180000000
0.0037580000000
0.0037340000000
0.0038280000000
0.0035380000000
0.0035540000000
0.0034610000000
0.0035230000000
0.0035080000000
0.0034190000000
0.0034970000000
/home/root/klotski/ae_programs/klotski_benchmarks/imgs/inputDir/ppm/download_8.ppm
0.0030770000000
0.0031350000000
0.0030700000000
0.0030720000000
0.0031800000000
0.0031510000000
0.0030430000000
0.0031000000000
0.0031560000000
0.0031490000000
0.0030390000000
0.0031270000000
0.0030510000000
0.0031360000000
0.0030750000000
0.0031080000000
0.0030750000000
0.0031020000000
0.0030690000000
0.0031350000000
0.0031060000000
0.0030530000000
0.0031120000000
0.0030710000000
0.0031670000000
0.0030550000000
0.0031290000000
0.0031170000000
0.0031420000000
0.0030650000000
0.0031260000000
0.0032120000000
0.0031640000000
0.0031240000000
0.0031660000000
0.0030710000000
0.0031330000000
0.0031180000000
0.0030750000000
0.0031470000000
0.0030910000000
0.0031400000000
0.0030580000000
0.0031170000000
0.0030660000000
0.0030970000000
0.0030760000000
0.0031280000000
0.0030940000000
0.0031560000000
/home/root/klotski/ae_programs/klotski_benchmarks/imgs/inputDir/ppm/download_9.ppm
0.0040210000000
0.0039820000000
0.0039720000000
0.0040370000000
0.0039520000000
0.0040110000000
0.0040300000000
0.0039650000000
0.0039430000000
0.0039550000000
0.0039630000000
0.0040770000000
0.0039650000000
0.0040890000000
0.0040210000000
0.0041100000000
0.0039680000000
0.0040200000000
0.0040230000000
0.0039740000000
0.0040440000000
0.0040700000000
0.0040350000000
0.0040190000000
0.0039930000000
0.0040180000000
0.0040550000000
0.0039480000000
0.0040700000000
0.0040040000000
0.0039710000000
0.0040270000000
0.0040440000000
0.0041370000000
0.0040090000000
0.0040930000000
0.0040500000000
0.0039860000000
0.0040160000000
0.0041780000000
0.0039910000000
0.0040760000000
0.0039680000000
0.0040340000000
0.0039830000000
0.0040010000000
0.0040260000000
0.0039720000000
0.0040140000000
0.0040220000000
all done
