input file:/home/root/klotski/ae_programs/klotski_benchmarks/imgs/inputDir/ppm/download

output file:/home/root/klotski/ae_programs/klotski_benchmarks/imgs/outputDir/jpg/download

/home/root/klotski/ae_programs/klotski_benchmarks/imgs/inputDir/ppm/download_0.ppm
0.0049550000000
0.0039040000000
0.0037790000000
0.0038240000000
0.0038340000000
0.0037980000000
0.0039520000000
0.0037130000000
0.0042630000000
0.0037840000000
0.0041860000000
0.0038720000000
0.0040060000000
0.0039190000000
0.0041480000000
0.0039430000000
0.0039580000000
0.0040380000000
0.0039030000000
0.0039000000000
0.0038210000000
0.0040460000000
0.0038480000000
0.0039600000000
0.0039970000000
0.0040840000000
0.0038770000000
0.0043570000000
0.0038860000000
0.0040300000000
0.0039030000000
0.0041560000000
0.0039570000000
0.0039140000000
0.0039120000000
0.0038580000000
0.0038890000000
0.0039140000000
0.0038870000000
0.0039370000000
0.0038350000000
0.0041210000000
0.0038630000000
0.0040430000000
0.0039140000000
0.0042470000000
0.0038870000000
0.0040820000000
0.0037990000000
0.0039790000000
/home/root/klotski/ae_programs/klotski_benchmarks/imgs/inputDir/ppm/download_1.ppm
0.0031210000000
0.0033360000000
0.0030170000000
0.0030440000000
0.0032330000000
0.0029730000000
0.0030220000000
0.0030470000000
0.0033480000000
0.0031290000000
0.0032770000000
0.0032140000000
0.0033930000000
0.0029940000000
0.0030870000000
0.0029890000000
0.0030070000000
0.0030110000000
0.0029700000000
0.0030230000000
0.0029950000000
0.0029140000000
0.0030080000000
0.0029810000000
0.0029800000000
0.0029530000000
0.0029730000000
0.0030360000000
0.0029350000000
0.0030200000000
0.0029960000000
0.0029530000000
0.0029720000000
0.0029320000000
0.0030340000000
0.0030210000000
0.0029710000000
0.0028910000000
0.0029790000000
0.0029800000000
0.0029130000000
0.0030180000000
0.0030950000000
0.0030600000000
0.0030000000000
0.0029450000000
0.0030090000000
0.0029550000000
0.0029350000000
0.0029420000000
/home/root/klotski/ae_programs/klotski_benchmarks/imgs/inputDir/ppm/download_2.ppm
0.0035450000000
0.0035570000000
0.0034920000000
0.0033420000000
0.0034990000000
0.0035170000000
0.0034890000000
0.0034890000000
0.0035890000000
0.0034040000000
0.0035310000000
0.0034800000000
0.0035240000000
0.0035280000000
0.0035370000000
0.0035040000000
0.0035560000000
0.0035170000000
0.0035500000000
0.0034720000000
0.0035420000000
0.0035960000000
0.0034340000000
0.0034760000000
0.0033890000000
0.0036000000000
0.0034940000000
0.0034000000000
0.0034880000000
0.0036740000000
0.0036250000000
0.0035360000000
0.0036440000000
0.0036030000000
0.0034900000000
0.0033570000000
0.0034650000000
0.0035790000000
0.0035770000000
0.0034260000000
0.0035030000000
0.0035280000000
0.0034510000000
0.0036220000000
0.0035640000000
0.0035690000000
0.0034300000000
0.0034770000000
0.0034750000000
0.0034360000000
/home/root/klotski/ae_programs/klotski_benchmarks/imgs/inputDir/ppm/download_3.ppm
0.0045540000000
0.0044030000000
0.0046150000000
0.0044470000000
0.0044460000000
0.0044730000000
0.0044370000000
0.0044960000000
0.0045710000000
0.0044880000000
0.0045570000000
0.0044880000000
0.0045330000000
0.0045300000000
0.0045660000000
0.0044940000000
0.0044620000000
0.0045090000000
0.0043780000000
0.0044410000000
0.0044350000000
0.0045350000000
0.0044640000000
0.0045320000000
0.0044560000000
0.0044640000000
0.0043700000000
0.0044940000000
0.0044770000000
0.0044320000000
0.0045040000000
0.0044890000000
0.0043900000000
0.0046710000000
0.0044580000000
0.0046350000000
0.0043660000000
0.0045720000000
0.0045260000000
0.0047530000000
0.0045880000000
0.0047170000000
0.0049840000000
0.0046860000000
0.0045070000000
0.0044810000000
0.0045110000000
0.0044710000000
0.0045100000000
0.0044390000000
/home/root/klotski/ae_programs/klotski_benchmarks/imgs/inputDir/ppm/download_4.ppm
0.0044850000000
0.0044920000000
0.0045410000000
0.0044930000000
0.0044580000000
0.0044400000000
0.0044090000000
0.0044730000000
0.0044810000000
0.0044720000000
0.0044840000000
0.0044970000000
0.0045160000000
0.0044730000000
0.0045450000000
0.0045200000000
0.0044980000000
0.0043600000000
0.0044530000000
0.0044410000000
0.0044570000000
0.0043670000000
0.0044450000000
0.0045210000000
0.0044330000000
0.0044100000000
0.0044510000000
0.0045700000000
0.0044690000000
0.0044720000000
0.0044240000000
0.0043640000000
0.0044690000000
0.0043830000000
0.0044090000000
0.0044430000000
0.0045080000000
0.0045470000000
0.0045590000000
0.0044720000000
0.0044280000000
0.0044150000000
0.0044680000000
0.0044230000000
0.0045530000000
0.0044720000000
0.0044510000000
0.0044700000000
0.0044800000000
0.0044590000000
/home/root/klotski/ae_programs/klotski_benchmarks/imgs/inputDir/ppm/download_5.ppm
0.0044340000000
0.0045580000000
0.0045140000000
0.0043340000000
0.0045060000000
0.0043550000000
0.0044050000000
0.0045390000000
0.0043650000000
0.0044970000000
0.0044600000000
0.0045590000000
0.0044540000000
0.0044750000000
0.0044140000000
0.0044310000000
0.0043870000000
0.0044510000000
0.0044560000000
0.0044740000000
0.0043830000000
0.0044820000000
0.0044750000000
0.0044770000000
0.0044320000000
0.0044770000000
0.0044930000000
0.0045060000000
0.0044810000000
0.0044930000000
0.0044640000000
0.0044030000000
0.0044130000000
0.0044170000000
0.0045370000000
0.0045990000000
0.0043560000000
0.0045110000000
0.0045680000000
0.0048230000000
0.0047900000000
0.0044910000000
0.0044740000000
0.0044540000000
0.0044210000000
0.0044780000000
0.0044400000000
0.0045370000000
0.0044410000000
0.0044470000000
/home/root/klotski/ae_programs/klotski_benchmarks/imgs/inputDir/ppm/download_6.ppm
0.0040700000000
0.0039760000000
0.0041080000000
0.0040100000000
0.0040660000000
0.0040120000000
0.0040390000000
0.0040200000000
0.0040810000000
0.0040450000000
0.0042410000000
0.0042370000000
0.0040630000000
0.0041000000000
0.0040480000000
0.0041660000000
0.0039740000000
0.0039490000000
0.0041100000000
0.0042800000000
0.0039440000000
0.0043250000000
0.0040220000000
0.0043520000000
0.0039980000000
0.0043430000000
0.0039480000000
0.0043160000000
0.0040250000000
0.0040330000000
0.0041480000000
0.0039700000000
0.0040850000000
0.0039660000000
0.0040850000000
0.0041100000000
0.0041020000000
0.0040890000000
0.0041130000000
0.0041880000000
0.0040520000000
0.0040920000000
0.0040930000000
0.0040110000000
0.0041130000000
0.0040250000000
0.0040110000000
0.0041140000000
0.0040520000000
0.0040900000000
/home/root/klotski/ae_programs/klotski_benchmarks/imgs/inputDir/ppm/download_7.ppm
0.0041770000000
0.0041350000000
0.0040970000000
0.0040490000000
0.0040210000000
0.0041100000000
0.0040750000000
0.0041780000000
0.0041190000000
0.0041460000000
0.0042340000000
0.0041940000000
0.0041040000000
0.0041670000000
0.0040890000000
0.0041220000000
0.0040130000000
0.0041530000000
0.0040430000000
0.0042290000000
0.0041630000000
0.0041050000000
0.0041030000000
0.0040680000000
0.0041660000000
0.0040730000000
0.0040310000000
0.0041150000000
0.0041150000000
0.0041440000000
0.0041260000000
0.0041000000000
0.0042000000000
0.0040930000000
0.0040520000000
0.0041440000000
0.0042050000000
0.0042340000000
0.0040860000000
0.0044570000000
0.0051870000000
0.0047850000000
0.0041940000000
0.0040880000000
0.0041350000000
0.0041350000000
0.0040900000000
0.0041460000000
0.0041560000000
0.0041180000000
/home/root/klotski/ae_programs/klotski_benchmarks/imgs/inputDir/ppm/download_8.ppm
0.0037210000000
0.0036990000000
0.0036780000000
0.0036490000000
0.0037200000000
0.0036550000000
0.0036660000000
0.0036750000000
0.0037120000000
0.0037140000000
0.0036920000000
0.0037410000000
0.0037090000000
0.0037120000000
0.0036870000000
0.0037460000000
0.0037240000000
0.0037420000000
0.0037820000000
0.0037800000000
0.0036750000000
0.0035890000000
0.0037440000000
0.0037530000000
0.0036710000000
0.0037320000000
0.0037410000000
0.0037500000000
0.0036870000000
0.0035950000000
0.0036890000000
0.0037320000000
0.0035750000000
0.0036430000000
0.0036150000000
0.0036630000000
0.0036820000000
0.0036730000000
0.0037290000000
0.0037460000000
0.0038180000000
0.0036770000000
0.0037430000000
0.0036800000000
0.0036790000000
0.0036800000000
0.0036550000000
0.0037530000000
0.0037520000000
0.0037300000000
/home/root/klotski/ae_programs/klotski_benchmarks/imgs/inputDir/ppm/download_9.ppm
0.0047740000000
0.0046860000000
0.0046990000000
0.0048490000000
0.0048590000000
0.0047180000000
0.0047680000000
0.0046750000000
0.0048080000000
0.0046620000000
0.0047590000000
0.0047410000000
0.0045670000000
0.0046960000000
0.0047260000000
0.0047360000000
0.0046860000000
0.0047440000000
0.0048040000000
0.0046840000000
0.0047440000000
0.0046750000000
0.0047130000000
0.0047360000000
0.0047680000000
0.0046810000000
0.0047530000000
0.0046190000000
0.0048490000000
0.0047860000000
0.0049890000000
0.0046480000000
0.0047070000000
0.0046700000000
0.0047140000000
0.0047230000000
0.0048190000000
0.0046760000000
0.0046850000000
0.0047840000000
0.0047050000000
0.0047470000000
0.0047480000000
0.0047100000000
0.0046520000000
0.0047520000000
0.0047160000000
0.0047070000000
0.0047260000000
0.0046680000000
all done
