input file:/home/root/klotski/ae_programs/klotski_benchmarks/imgs/inputDir/ppm/download

output file:/home/root/klotski/ae_programs/klotski_benchmarks/imgs/outputDir/jpg/download

/home/root/klotski/ae_programs/klotski_benchmarks/imgs/inputDir/ppm/download_0.ppm
0.0047740000000
0.0038690000000
0.0038000000000
0.0038120000000
0.0038760000000
0.0038050000000
0.0037180000000
0.0038410000000
0.0037050000000
0.0037870000000
0.0038380000000
0.0038870000000
0.0039380000000
0.0036870000000
0.0040070000000
0.0037020000000
0.0039700000000
0.0036500000000
0.0038750000000
0.0036790000000
0.0037080000000
0.0037190000000
0.0037010000000
0.0037170000000
0.0037240000000
0.0037350000000
0.0037290000000
0.0037240000000
0.0036980000000
0.0037900000000
0.0040770000000
0.0038570000000
0.0038710000000
0.0043390000000
0.0045980000000
0.0037710000000
0.0038350000000
0.0038610000000
0.0037920000000
0.0039390000000
0.0037540000000
0.0038080000000
0.0037650000000
0.0037560000000
0.0037270000000
0.0037660000000
0.0036950000000
0.0040300000000
0.0037200000000
0.0038380000000
/home/root/klotski/ae_programs/klotski_benchmarks/imgs/inputDir/ppm/download_1.ppm
0.0029000000000
0.0029530000000
0.0028780000000
0.0028130000000
0.0028470000000
0.0028250000000
0.0028400000000
0.0028680000000
0.0036850000000
0.0033000000000
0.0029070000000
0.0028790000000
0.0028580000000
0.0028530000000
0.0028710000000
0.0028460000000
0.0028690000000
0.0027970000000
0.0028530000000
0.0029060000000
0.0027970000000
0.0027970000000
0.0030090000000
0.0028920000000
0.0028520000000
0.0028660000000
0.0028670000000
0.0028250000000
0.0029870000000
0.0028500000000
0.0028950000000
0.0028710000000
0.0028590000000
0.0030930000000
0.0029070000000
0.0028830000000
0.0028640000000
0.0028400000000
0.0028660000000
0.0030610000000
0.0028530000000
0.0028310000000
0.0028640000000
0.0028130000000
0.0028410000000
0.0028490000000
0.0028460000000
0.0028070000000
0.0028900000000
0.0027830000000
/home/root/klotski/ae_programs/klotski_benchmarks/imgs/inputDir/ppm/download_2.ppm
0.0033640000000
0.0033540000000
0.0034330000000
0.0034200000000
0.0033900000000
0.0033450000000
0.0033450000000
0.0033080000000
0.0033340000000
0.0033510000000
0.0033790000000
0.0032770000000
0.0033600000000
0.0032980000000
0.0033130000000
0.0033760000000
0.0032710000000
0.0034520000000
0.0033370000000
0.0032630000000
0.0033620000000
0.0033870000000
0.0033760000000
0.0033080000000
0.0033500000000
0.0033510000000
0.0033190000000
0.0033250000000
0.0033240000000
0.0033150000000
0.0033510000000
0.0032910000000
0.0033110000000
0.0033770000000
0.0033290000000
0.0032890000000
0.0033350000000
0.0034400000000
0.0033990000000
0.0033750000000
0.0034000000000
0.0033330000000
0.0034560000000
0.0034010000000
0.0035310000000
0.0033860000000
0.0033740000000
0.0032870000000
0.0034220000000
0.0034540000000
/home/root/klotski/ae_programs/klotski_benchmarks/imgs/inputDir/ppm/download_3.ppm
0.0042840000000
0.0043120000000
0.0042860000000
0.0043720000000
0.0043060000000
0.0041760000000
0.0043040000000
0.0043420000000
0.0042180000000
0.0043770000000
0.0044610000000
0.0044080000000
0.0044500000000
0.0042310000000
0.0043360000000
0.0043240000000
0.0043260000000
0.0043750000000
0.0043710000000
0.0043920000000
0.0045960000000
0.0048200000000
0.0047190000000
0.0047500000000
0.0043800000000
0.0044020000000
0.0044580000000
0.0044750000000
0.0044540000000
0.0042570000000
0.0046010000000
0.0042650000000
0.0044790000000
0.0043900000000
0.0045040000000
0.0042320000000
0.0045860000000
0.0042130000000
0.0046210000000
0.0044140000000
0.0045250000000
0.0044800000000
0.0043770000000
0.0044520000000
0.0044750000000
0.0042530000000
0.0045820000000
0.0047340000000
0.0043680000000
0.0044770000000
/home/root/klotski/ae_programs/klotski_benchmarks/imgs/inputDir/ppm/download_4.ppm
0.0044070000000
0.0044030000000
0.0043860000000
0.0043370000000
0.0042740000000
0.0044100000000
0.0043670000000
0.0043120000000
0.0043710000000
0.0042820000000
0.0043790000000
0.0043260000000
0.0042830000000
0.0043790000000
0.0042760000000
0.0043950000000
0.0042560000000
0.0043400000000
0.0044580000000
0.0043330000000
0.0043580000000
0.0042450000000
0.0043420000000
0.0043960000000
0.0043140000000
0.0043310000000
0.0044010000000
0.0043700000000
0.0042620000000
0.0043310000000
0.0043790000000
0.0042750000000
0.0043530000000
0.0043210000000
0.0042940000000
0.0042390000000
0.0043030000000
0.0043990000000
0.0043210000000
0.0043350000000
0.0043020000000
0.0043990000000
0.0043880000000
0.0043080000000
0.0043800000000
0.0042700000000
0.0043560000000
0.0042020000000
0.0043790000000
0.0042900000000
/home/root/klotski/ae_programs/klotski_benchmarks/imgs/inputDir/ppm/download_5.ppm
0.0042770000000
0.0045490000000
0.0043930000000
0.0042390000000
0.0045690000000
0.0042780000000
0.0044760000000
0.0042200000000
0.0042890000000
0.0042900000000
0.0042460000000
0.0043400000000
0.0043020000000
0.0043470000000
0.0043490000000
0.0048640000000
0.0055090000000
0.0044690000000
0.0043090000000
0.0043730000000
0.0043070000000
0.0042820000000
0.0042640000000
0.0042890000000
0.0042530000000
0.0043080000000
0.0043380000000
0.0042900000000
0.0043080000000
0.0042620000000
0.0043870000000
0.0042500000000
0.0043480000000
0.0043040000000
0.0042290000000
0.0043630000000
0.0043470000000
0.0042230000000
0.0042910000000
0.0042870000000
0.0043100000000
0.0043900000000
0.0043220000000
0.0042540000000
0.0042710000000
0.0043440000000
0.0042770000000
0.0041590000000
0.0043250000000
0.0042710000000
/home/root/klotski/ae_programs/klotski_benchmarks/imgs/inputDir/ppm/download_6.ppm
0.0039660000000
0.0039580000000
0.0038780000000
0.0039920000000
0.0040430000000
0.0039120000000
0.0041100000000
0.0040030000000
0.0038930000000
0.0040830000000
0.0038260000000
0.0040090000000
0.0038600000000
0.0040570000000
0.0038800000000
0.0039340000000
0.0040520000000
0.0041150000000
0.0038840000000
0.0042190000000
0.0038630000000
0.0041810000000
0.0039280000000
0.0043200000000
0.0038830000000
0.0043690000000
0.0037860000000
0.0041660000000
0.0038720000000
0.0040330000000
0.0041070000000
0.0038950000000
0.0037460000000
0.0042420000000
0.0037380000000
0.0042450000000
0.0038720000000
0.0041590000000
0.0038750000000
0.0037650000000
0.0038840000000
0.0040130000000
0.0041760000000
0.0038910000000
0.0040950000000
0.0038060000000
0.0040110000000
0.0038940000000
0.0040510000000
0.0039630000000
/home/root/klotski/ae_programs/klotski_benchmarks/imgs/inputDir/ppm/download_7.ppm
0.0040080000000
0.0039620000000
0.0042090000000
0.0039880000000
0.0041940000000
0.0040850000000
0.0040690000000
0.0044140000000
0.0039420000000
0.0039760000000
0.0039870000000
0.0040800000000
0.0039650000000
0.0040700000000
0.0044150000000
0.0045950000000
0.0041310000000
0.0041850000000
0.0040030000000
0.0040390000000
0.0040310000000
0.0040530000000
0.0040200000000
0.0039900000000
0.0040180000000
0.0041690000000
0.0039790000000
0.0039580000000
0.0039950000000
0.0039780000000
0.0040040000000
0.0039250000000
0.0039770000000
0.0040370000000
0.0039650000000
0.0040310000000
0.0040120000000
0.0040230000000
0.0040280000000
0.0039940000000
0.0039520000000
0.0040260000000
0.0040400000000
0.0041010000000
0.0040610000000
0.0039480000000
0.0039930000000
0.0040370000000
0.0039220000000
0.0040390000000
/home/root/klotski/ae_programs/klotski_benchmarks/imgs/inputDir/ppm/download_8.ppm
0.0035840000000
0.0035900000000
0.0035270000000
0.0036130000000
0.0036020000000
0.0034630000000
0.0036060000000
0.0035740000000
0.0035050000000
0.0035990000000
0.0035570000000
0.0035450000000
0.0035630000000
0.0035610000000
0.0035970000000
0.0035420000000
0.0035720000000
0.0035990000000
0.0035030000000
0.0035830000000
0.0035020000000
0.0034800000000
0.0035830000000
0.0035450000000
0.0035300000000
0.0035970000000
0.0036040000000
0.0035430000000
0.0037370000000
0.0035930000000
0.0035890000000
0.0035560000000
0.0036730000000
0.0035150000000
0.0036190000000
0.0035840000000
0.0035940000000
0.0035620000000
0.0035830000000
0.0034720000000
0.0035330000000
0.0037040000000
0.0035550000000
0.0035480000000
0.0035820000000
0.0036590000000
0.0035100000000
0.0035950000000
0.0036020000000
0.0036000000000
/home/root/klotski/ae_programs/klotski_benchmarks/imgs/inputDir/ppm/download_9.ppm
0.0045680000000
0.0046070000000
0.0044890000000
0.0045700000000
0.0046470000000
0.0045450000000
0.0044900000000
0.0045960000000
0.0045330000000
0.0046200000000
0.0046420000000
0.0046820000000
0.0046560000000
0.0044770000000
0.0044700000000
0.0046000000000
0.0045120000000
0.0045660000000
0.0045030000000
0.0045940000000
0.0045350000000
0.0045360000000
0.0046020000000
0.0045710000000
0.0045380000000
0.0045180000000
0.0046240000000
0.0045790000000
0.0047370000000
0.0047100000000
0.0046370000000
0.0050060000000
0.0048070000000
0.0047420000000
0.0047040000000
0.0046750000000
0.0051250000000
0.0045150000000
0.0049390000000
0.0045770000000
0.0048050000000
0.0044390000000
0.0048760000000
0.0045320000000
0.0048080000000
0.0046000000000
0.0046930000000
0.0045970000000
0.0048440000000
0.0045290000000
all done
