/home/root/klotski/ae_programs/klotski_benchmarks/imgs/inputDir/jpg/download_0.jpg
0.0113430000000
0.0102120000000
0.0099890000000
0.0102820000000
0.0094970000000
0.0097320000000
0.0100280000000
0.0098490000000
0.0093270000000
0.0102890000000
0.0104140000000
0.0092230000000
0.0095740000000
0.0096980000000
0.0102300000000
0.0103160000000
0.0110280000000
0.0104310000000
0.0104420000000
0.0097770000000
0.0100420000000
0.0102760000000
0.0108110000000
0.0103520000000
0.0094020000000
0.0097330000000
0.0099570000000
0.0099230000000
0.0100320000000
0.0109310000000
0.0100920000000
0.0104860000000
0.0104430000000
0.0101720000000
0.0096620000000
0.0105130000000
0.0101630000000
0.0105630000000
0.0104340000000
0.0103060000000
0.0101630000000
0.0101730000000
0.0106020000000
0.0098610000000
0.0098190000000
0.0095990000000
0.0095240000000
0.0097300000000
0.0109230000000
0.0098730000000
/home/root/klotski/ae_programs/klotski_benchmarks/imgs/inputDir/jpg/download_1.jpg
0.0097030000000
0.0099230000000
0.0100750000000
0.0101010000000
0.0104910000000
0.0102330000000
0.0101040000000
0.0098900000000
0.0101030000000
0.0101900000000
0.0107770000000
0.0102870000000
0.0101650000000
0.0100770000000
0.0102240000000
0.0100610000000
0.0098910000000
0.0106080000000
0.0102790000000
0.0096620000000
0.0102920000000
0.0098750000000
0.0101020000000
0.0103290000000
0.0099950000000
0.0095470000000
0.0093950000000
0.0100160000000
0.0102870000000
0.0103160000000
0.0107110000000
0.0103070000000
0.0100680000000
0.0100320000000
0.0101120000000
0.0099420000000
0.0104470000000
0.0099400000000
0.0107730000000
0.0100580000000
0.0096870000000
0.0101350000000
0.0104570000000
0.0103150000000
0.0103670000000
0.0100350000000
0.0100270000000
0.0099860000000
0.0103840000000
0.0098200000000
/home/root/klotski/ae_programs/klotski_benchmarks/imgs/inputDir/jpg/download_2.jpg
0.0129280000000
0.0133530000000
0.0134310000000
0.0132400000000
0.0135390000000
0.0138080000000
0.0134590000000
0.0131450000000
0.0131230000000
0.0127730000000
0.0124310000000
0.0128200000000
0.0131600000000
0.0131090000000
0.0128640000000
0.0129830000000
0.0127890000000
0.0126710000000
0.0130700000000
0.0128420000000
0.0132210000000
0.0131120000000
0.0131030000000
0.0127280000000
0.0127360000000
0.0137240000000
0.0126970000000
0.0122720000000
0.0122710000000
0.0130120000000
0.0128910000000
0.0134030000000
0.0148320000000
0.0156310000000
0.0126510000000
0.0128440000000
0.0128780000000
0.0129070000000
0.0130510000000
0.0122980000000
0.0123310000000
0.0122880000000
0.0122240000000
0.0127010000000
0.0132980000000
0.0121420000000
0.0122370000000
0.0124970000000
0.0129960000000
0.0129760000000
/home/root/klotski/ae_programs/klotski_benchmarks/imgs/inputDir/jpg/download_3.jpg
0.0104300000000
0.0116410000000
0.0109190000000
0.0105780000000
0.0111610000000
0.0108300000000
0.0111560000000
0.0111540000000
0.0116500000000
0.0105690000000
0.0103820000000
0.0104700000000
0.0106430000000
0.0104180000000
0.0104530000000
0.0113690000000
0.0112470000000
0.0108470000000
0.0105830000000
0.0105340000000
0.0103610000000
0.0107730000000
0.0115340000000
0.0110440000000
0.0108760000000
0.0109220000000
0.0109240000000
0.0111230000000
0.0111820000000
0.0115240000000
0.0107390000000
0.0104850000000
0.0106660000000
0.0105930000000
0.0110930000000
0.0113660000000
0.0115670000000
0.0105460000000
0.0106150000000
0.0104940000000
0.0103840000000
0.0103510000000
0.0109200000000
0.0124760000000
0.0117350000000
0.0109390000000
0.0112190000000
0.0109980000000
0.0108290000000
0.0108850000000
/home/root/klotski/ae_programs/klotski_benchmarks/imgs/inputDir/jpg/download_4.jpg
0.0140450000000
0.0137750000000
0.0132410000000
0.0134900000000
0.0133200000000
0.0134600000000
0.0137000000000
0.0138650000000
0.0134250000000
0.0134560000000
0.0134260000000
0.0135500000000
0.0133910000000
0.0138930000000
0.0138250000000
0.0136070000000
0.0137360000000
0.0135200000000
0.0133130000000
0.0129100000000
0.0138480000000
0.0150640000000
0.0164980000000
0.0162360000000
0.0163400000000
0.0162070000000
0.0135690000000
0.0131760000000
0.0134380000000
0.0130740000000
0.0129660000000
0.0135900000000
0.0134970000000
0.0143930000000
0.0132220000000
0.0125950000000
0.0128820000000
0.0129540000000
0.0131760000000
0.0127560000000
0.0139390000000
0.0135070000000
0.0136330000000
0.0135390000000
0.0129060000000
0.0129910000000
0.0139200000000
0.0140360000000
0.0163870000000
0.0159750000000
/home/root/klotski/ae_programs/klotski_benchmarks/imgs/inputDir/jpg/download_5.jpg
0.0130760000000
0.0130930000000
0.0130470000000
0.0131530000000
0.0133980000000
0.0125690000000
0.0125060000000
0.0129640000000
0.0131460000000
0.0131700000000
0.0130090000000
0.0127020000000
0.0127180000000
0.0124450000000
0.0128500000000
0.0127320000000
0.0136510000000
0.0129560000000
0.0128270000000
0.0132500000000
0.0131520000000
0.0131340000000
0.0130160000000
0.0135260000000
0.0129860000000
0.0126310000000
0.0126740000000
0.0128940000000
0.0132450000000
0.0136740000000
0.0132380000000
0.0129820000000
0.0132390000000
0.0129590000000
0.0129190000000
0.0130230000000
0.0139150000000
0.0132160000000
0.0133090000000
0.0133160000000
0.0132680000000
0.0131310000000
0.0136640000000
0.0126630000000
0.0125720000000
0.0126430000000
0.0124150000000
0.0124460000000
0.0124150000000
0.0139560000000
/home/root/klotski/ae_programs/klotski_benchmarks/imgs/inputDir/jpg/download_6.jpg
0.0105430000000
0.0105620000000
0.0104550000000
0.0106260000000
0.0106050000000
0.0107900000000
0.0102090000000
0.0099320000000
0.0102390000000
0.0111560000000
0.0125540000000
0.0125160000000
0.0118290000000
0.0100290000000
0.0104330000000
0.0098580000000
0.0101350000000
0.0103610000000
0.0104980000000
0.0112350000000
0.0106410000000
0.0105690000000
0.0103930000000
0.0107170000000
0.0110600000000
0.0103540000000
0.0111440000000
0.0103750000000
0.0097780000000
0.0105300000000
0.0107810000000
0.0104250000000
0.0109070000000
0.0099220000000
0.0105440000000
0.0108850000000
0.0105650000000
0.0111450000000
0.0108620000000
0.0111540000000
0.0104370000000
0.0109120000000
0.0106300000000
0.0108660000000
0.0105070000000
0.0106820000000
0.0118570000000
0.0125630000000
0.0125420000000
0.0125520000000
/home/root/klotski/ae_programs/klotski_benchmarks/imgs/inputDir/jpg/download_7.jpg
0.0198070000000
0.0191740000000
0.0166470000000
0.0164550000000
0.0165190000000
0.0163950000000
0.0162160000000
0.0162570000000
0.0165430000000
0.0166590000000
0.0160880000000
0.0165100000000
0.0163060000000
0.0165670000000
0.0165830000000
0.0167120000000
0.0165470000000
0.0162400000000
0.0164310000000
0.0157700000000
0.0163050000000
0.0163240000000
0.0187720000000
0.0198060000000
0.0185890000000
0.0155330000000
0.0157460000000
0.0161680000000
0.0168220000000
0.0161430000000
0.0159900000000
0.0160610000000
0.0165220000000
0.0162890000000
0.0161120000000
0.0179290000000
0.0162230000000
0.0158850000000
0.0158960000000
0.0158150000000
0.0161200000000
0.0167190000000
0.0160050000000
0.0166390000000
0.0166420000000
0.0162560000000
0.0163590000000
0.0162670000000
0.0168670000000
0.0161410000000
/home/root/klotski/ae_programs/klotski_benchmarks/imgs/inputDir/jpg/download_8.jpg
0.0317900000000
0.0318730000000
0.0313440000000
0.0323760000000
0.0317400000000
0.0319110000000
0.0320670000000
0.0326970000000
0.0331610000000
0.0325110000000
0.0322830000000
0.0326260000000
0.0320530000000
0.0323600000000
0.0321790000000
0.0324270000000
0.0336220000000
0.0321870000000
0.0322400000000
0.0318850000000
0.0327920000000
0.0319960000000
0.0325850000000
0.0331080000000
0.0325470000000
0.0320800000000
0.0322100000000
0.0323450000000
0.0321610000000
0.0327600000000
0.0328900000000
0.0321640000000
0.0321470000000
0.0332140000000
0.0318050000000
0.0321610000000
0.0324720000000
0.0322170000000
0.0321590000000
0.0323040000000
0.0325600000000
0.0320280000000
0.0333270000000
0.0321010000000
0.0320330000000
0.0318070000000
0.0322350000000
0.0314870000000
0.0320460000000
0.0328020000000
/home/root/klotski/ae_programs/klotski_benchmarks/imgs/inputDir/jpg/download_9.jpg
0.0151120000000
0.0152900000000
0.0147930000000
0.0148180000000
0.0150410000000
0.0148770000000
0.0149730000000
0.0150050000000
0.0155950000000
0.0157560000000
0.0161270000000
0.0185800000000
0.0157280000000
0.0152260000000
0.0155840000000
0.0148430000000
0.0148060000000
0.0148030000000
0.0148990000000
0.0150120000000
0.0149570000000
0.0159770000000
0.0147750000000
0.0148260000000
0.0147560000000
0.0152970000000
0.0150390000000
0.0140960000000
0.0156680000000
0.0145810000000
0.0144860000000
0.0150590000000
0.0153290000000
0.0151210000000
0.0152340000000
0.0146480000000
0.0150200000000
0.0142900000000
0.0145110000000
0.0144810000000
0.0146770000000
0.0159290000000
0.0151000000000
0.0148630000000
0.0150180000000
0.0150830000000
0.0150250000000
0.0152520000000
0.0159120000000
0.0153120000000
