/home/root/klotski/ae_programs/klotski_benchmarks/imgs/inputDir/jpg/download_0.jpg
0.0121500000000
0.0101850000000
0.0100950000000
0.0102330000000
0.0098920000000
0.0098290000000
0.0102880000000
0.0112190000000
0.0101200000000
0.0101500000000
0.0097500000000
0.0094040000000
0.0095000000000
0.0098740000000
0.0100310000000
0.0096330000000
0.0094140000000
0.0097090000000
0.0097740000000
0.0103630000000
0.0097740000000
0.0096300000000
0.0097500000000
0.0094290000000
0.0098820000000
0.0103320000000
0.0100930000000
0.0101470000000
0.0099060000000
0.0100010000000
0.0096290000000
0.0105520000000
0.0103660000000
0.0103920000000
0.0100760000000
0.0101200000000
0.0102200000000
0.0103190000000
0.0107880000000
0.0097680000000
0.0096160000000
0.0100600000000
0.0100970000000
0.0100200000000
0.0105790000000
0.0100570000000
0.0102370000000
0.0098030000000
0.0099060000000
0.0104380000000
/home/root/klotski/ae_programs/klotski_benchmarks/imgs/inputDir/jpg/download_1.jpg
0.0102460000000
0.0102460000000
0.0099400000000
0.0097100000000
0.0103430000000
0.0102250000000
0.0101870000000
0.0098480000000
0.0092270000000
0.0091110000000
0.0092890000000
0.0092580000000
0.0091910000000
0.0092970000000
0.0104470000000
0.0096870000000
0.0100890000000
0.0100090000000
0.0096730000000
0.0094060000000
0.0100940000000
0.0098300000000
0.0104060000000
0.0099560000000
0.0098830000000
0.0097930000000
0.0108760000000
0.0093800000000
0.0096420000000
0.0096860000000
0.0094720000000
0.0098030000000
0.0098780000000
0.0106080000000
0.0101900000000
0.0102110000000
0.0103360000000
0.0103000000000
0.0100390000000
0.0104340000000
0.0102900000000
0.0094440000000
0.0093470000000
0.0095460000000
0.0100500000000
0.0092040000000
0.0104970000000
0.0099150000000
0.0093020000000
0.0099330000000
/home/root/klotski/ae_programs/klotski_benchmarks/imgs/inputDir/jpg/download_2.jpg
0.0123600000000
0.0130570000000
0.0127240000000
0.0123400000000
0.0123120000000
0.0125010000000
0.0123280000000
0.0125400000000
0.0133180000000
0.0136070000000
0.0128480000000
0.0125700000000
0.0126900000000
0.0128010000000
0.0123350000000
0.0135760000000
0.0129530000000
0.0129550000000
0.0131910000000
0.0128470000000
0.0125440000000
0.0130260000000
0.0131220000000
0.0121300000000
0.0123370000000
0.0121870000000
0.0124760000000
0.0129020000000
0.0128480000000
0.0133410000000
0.0127540000000
0.0133830000000
0.0128360000000
0.0127890000000
0.0127540000000
0.0128730000000
0.0135070000000
0.0124920000000
0.0128380000000
0.0122390000000
0.0125920000000
0.0124070000000
0.0127280000000
0.0131090000000
0.0127030000000
0.0129690000000
0.0125460000000
0.0122190000000
0.0125080000000
0.0130790000000
/home/root/klotski/ae_programs/klotski_benchmarks/imgs/inputDir/jpg/download_3.jpg
0.0108640000000
0.0107620000000
0.0108110000000
0.0108470000000
0.0108740000000
0.0112880000000
0.0110610000000
0.0110060000000
0.0105540000000
0.0102560000000
0.0104310000000
0.0104720000000
0.0111890000000
0.0109830000000
0.0103900000000
0.0108410000000
0.0105870000000
0.0105410000000
0.0111470000000
0.0114780000000
0.0102980000000
0.0104000000000
0.0109910000000
0.0108070000000
0.0103900000000
0.0106380000000
0.0113550000000
0.0104450000000
0.0106610000000
0.0103890000000
0.0105010000000
0.0108990000000
0.0108330000000
0.0104640000000
0.0108140000000
0.0112740000000
0.0110290000000
0.0111500000000
0.0110030000000
0.0106930000000
0.0117910000000
0.0109560000000
0.0112290000000
0.0109030000000
0.0108640000000
0.0102470000000
0.0110790000000
0.0112900000000
0.0108530000000
0.0128340000000
/home/root/klotski/ae_programs/klotski_benchmarks/imgs/inputDir/jpg/download_4.jpg
0.0160560000000
0.0157460000000
0.0132020000000
0.0140920000000
0.0135760000000
0.0130920000000
0.0128930000000
0.0135300000000
0.0134120000000
0.0136500000000
0.0136600000000
0.0131330000000
0.0132660000000
0.0124170000000
0.0135700000000
0.0135620000000
0.0135700000000
0.0138380000000
0.0131340000000
0.0137060000000
0.0135570000000
0.0131150000000
0.0135170000000
0.0133720000000
0.0137780000000
0.0130690000000
0.0134490000000
0.0137240000000
0.0136770000000
0.0133940000000
0.0137210000000
0.0136440000000
0.0129520000000
0.0134740000000
0.0131260000000
0.0138140000000
0.0136000000000
0.0133680000000
0.0137650000000
0.0135390000000
0.0137650000000
0.0135150000000
0.0135020000000
0.0134240000000
0.0141360000000
0.0133170000000
0.0136810000000
0.0136770000000
0.0133460000000
0.0133280000000
/home/root/klotski/ae_programs/klotski_benchmarks/imgs/inputDir/jpg/download_5.jpg
0.0130160000000
0.0135470000000
0.0129870000000
0.0126400000000
0.0124460000000
0.0126840000000
0.0127350000000
0.0129190000000
0.0128160000000
0.0138150000000
0.0153780000000
0.0155360000000
0.0153840000000
0.0152660000000
0.0145310000000
0.0130730000000
0.0128180000000
0.0126620000000
0.0126050000000
0.0125500000000
0.0125060000000
0.0133680000000
0.0129350000000
0.0126560000000
0.0140400000000
0.0155170000000
0.0135210000000
0.0135130000000
0.0136520000000
0.0138730000000
0.0142150000000
0.0139260000000
0.0141180000000
0.0145070000000
0.0160010000000
0.0142860000000
0.0154210000000
0.0167990000000
0.0179800000000
0.0145320000000
0.0144340000000
0.0125720000000
0.0128550000000
0.0130310000000
0.0132560000000
0.0128420000000
0.0129740000000
0.0136400000000
0.0129260000000
0.0131030000000
/home/root/klotski/ae_programs/klotski_benchmarks/imgs/inputDir/jpg/download_6.jpg
0.0106810000000
0.0106540000000
0.0107600000000
0.0115130000000
0.0107710000000
0.0106170000000
0.0106310000000
0.0101870000000
0.0102730000000
0.0105580000000
0.0105420000000
0.0104810000000
0.0101520000000
0.0103270000000
0.0106670000000
0.0105140000000
0.0116630000000
0.0104120000000
0.0106910000000
0.0109000000000
0.0122470000000
0.0124500000000
0.0115540000000
0.0109340000000
0.0110520000000
0.0110730000000
0.0104880000000
0.0102970000000
0.0112470000000
0.0112070000000
0.0113280000000
0.0121860000000
0.0112440000000
0.0111850000000
0.0107870000000
0.0098780000000
0.0113370000000
0.0105910000000
0.0109900000000
0.0102340000000
0.0103950000000
0.0103790000000
0.0105110000000
0.0110200000000
0.0115710000000
0.0106270000000
0.0107010000000
0.0109360000000
0.0110460000000
0.0109300000000
/home/root/klotski/ae_programs/klotski_benchmarks/imgs/inputDir/jpg/download_7.jpg
0.0161830000000
0.0166070000000
0.0160460000000
0.0162410000000
0.0160220000000
0.0160760000000
0.0188320000000
0.0198000000000
0.0185420000000
0.0158290000000
0.0156140000000
0.0160330000000
0.0169020000000
0.0161960000000
0.0160530000000
0.0162410000000
0.0163340000000
0.0164640000000
0.0164590000000
0.0163260000000
0.0158050000000
0.0161520000000
0.0167560000000
0.0163330000000
0.0168350000000
0.0169470000000
0.0163570000000
0.0168320000000
0.0164960000000
0.0170500000000
0.0185660000000
0.0161210000000
0.0167770000000
0.0168850000000
0.0159490000000
0.0163060000000
0.0159830000000
0.0161970000000
0.0166620000000
0.0166480000000
0.0160430000000
0.0161570000000
0.0159640000000
0.0175870000000
0.0165670000000
0.0172030000000
0.0161050000000
0.0164200000000
0.0164380000000
0.0156360000000
/home/root/klotski/ae_programs/klotski_benchmarks/imgs/inputDir/jpg/download_8.jpg
0.0315040000000
0.0330220000000
0.0320500000000
0.0323220000000
0.0396580000000
0.0373840000000
0.0317340000000
0.0314950000000
0.0321740000000
0.0327980000000
0.0314360000000
0.0319460000000
0.0317940000000
0.0316360000000
0.0342660000000
0.0326350000000
0.0322680000000
0.0325720000000
0.0331290000000
0.0320460000000
0.0320680000000
0.0321860000000
0.0320310000000
0.0330370000000
0.0319130000000
0.0367360000000
0.0316590000000
0.0327110000000
0.0317880000000
0.0322180000000
0.0316920000000
0.0327210000000
0.0323890000000
0.0323670000000
0.0328170000000
0.0314450000000
0.0331530000000
0.0321000000000
0.0318190000000
0.0317440000000
0.0325560000000
0.0321610000000
0.0332110000000
0.0313660000000
0.0320010000000
0.0318470000000
0.0316760000000
0.0315170000000
0.0319020000000
0.0334390000000
/home/root/klotski/ae_programs/klotski_benchmarks/imgs/inputDir/jpg/download_9.jpg
0.0161560000000
0.0152070000000
0.0146560000000
0.0149560000000
0.0150110000000
0.0154980000000
0.0145220000000
0.0145100000000
0.0142100000000
0.0148510000000
0.0149450000000
0.0150790000000
0.0173080000000
0.0155290000000
0.0157060000000
0.0155500000000
0.0171140000000
0.0160260000000
0.0158690000000
0.0150970000000
0.0161400000000
0.0162170000000
0.0143290000000
0.0175080000000
0.0161020000000
0.0172020000000
0.0165680000000
0.0155290000000
0.0167960000000
0.0149610000000
0.0153280000000
0.0148590000000
0.0159470000000
0.0157230000000
0.0153420000000
0.0149710000000
0.0154420000000
0.0149250000000
0.0151350000000
0.0147930000000
0.0145780000000
0.0149630000000
0.0149980000000
0.0147110000000
0.0143950000000
0.0155310000000
0.0153210000000
0.0153370000000
0.0150540000000
0.0150550000000
