/home/root/klotski/ae_programs/klotski_benchmarks/imgs/inputDir/jpg/download_0.jpg
0.0107700000000
0.0094200000000
0.0098490000000
0.0095090000000
0.0094230000000
0.0092700000000
0.0093480000000
0.0097960000000
0.0094350000000
0.0090330000000
0.0088830000000
0.0090380000000
0.0099210000000
0.0091230000000
0.0090990000000
0.0097580000000
0.0096860000000
0.0095130000000
0.0100620000000
0.0100270000000
0.0099370000000
0.0090810000000
0.0091490000000
0.0094320000000
0.0100020000000
0.0099540000000
0.0095630000000
0.0092010000000
0.0091960000000
0.0089160000000
0.0090320000000
0.0097520000000
0.0093390000000
0.0090710000000
0.0093700000000
0.0088870000000
0.0096000000000
0.0100140000000
0.0094220000000
0.0096350000000
0.0096240000000
0.0096350000000
0.0095670000000
0.0095250000000
0.0094940000000
0.0096610000000
0.0091710000000
0.0088980000000
0.0091350000000
0.0096260000000
/home/root/klotski/ae_programs/klotski_benchmarks/imgs/inputDir/jpg/download_1.jpg
0.0096940000000
0.0091830000000
0.0095230000000
0.0092070000000
0.0090450000000
0.0094650000000
0.0161630000000
0.0093480000000
0.0087330000000
0.0088040000000
0.0092800000000
0.0096180000000
0.0092430000000
0.0087170000000
0.0086330000000
0.0085990000000
0.0084320000000
0.0083300000000
0.0089550000000
0.0095960000000
0.0088110000000
0.0089870000000
0.0092180000000
0.0092480000000
0.0090130000000
0.0092370000000
0.0090980000000
0.0089840000000
0.0085690000000
0.0087450000000
0.0092040000000
0.0085590000000
0.0098170000000
0.0089950000000
0.0092610000000
0.0087450000000
0.0093190000000
0.0091550000000
0.0094540000000
0.0092360000000
0.0090710000000
0.0098720000000
0.0101580000000
0.0103740000000
0.0105370000000
0.0092610000000
0.0096640000000
0.0093620000000
0.0091760000000
0.0092430000000
/home/root/klotski/ae_programs/klotski_benchmarks/imgs/inputDir/jpg/download_2.jpg
0.0120680000000
0.0126780000000
0.0120790000000
0.0123250000000
0.0123450000000
0.0118130000000
0.0123110000000
0.0124460000000
0.0128970000000
0.0117550000000
0.0117950000000
0.0113280000000
0.0113360000000
0.0114460000000
0.0121300000000
0.0119330000000
0.0120250000000
0.0117070000000
0.0114290000000
0.0117710000000
0.0120390000000
0.0120800000000
0.0123120000000
0.0120960000000
0.0121230000000
0.0122330000000
0.0121420000000
0.0122330000000
0.0125960000000
0.0120860000000
0.0120770000000
0.0119860000000
0.0121250000000
0.0119750000000
0.0122020000000
0.0134190000000
0.0117090000000
0.0118450000000
0.0116590000000
0.0115810000000
0.0119890000000
0.0124820000000
0.0117670000000
0.0118910000000
0.0122890000000
0.0123590000000
0.0119330000000
0.0115060000000
0.0120330000000
0.0113640000000
/home/root/klotski/ae_programs/klotski_benchmarks/imgs/inputDir/jpg/download_3.jpg
0.0097290000000
0.0094890000000
0.0093660000000
0.0099290000000
0.0095770000000
0.0104420000000
0.0100970000000
0.0103780000000
0.0100970000000
0.0101870000000
0.0099480000000
0.0103340000000
0.0103910000000
0.0100510000000
0.0103380000000
0.0104170000000
0.0102090000000
0.0102350000000
0.0098180000000
0.0114340000000
0.0102680000000
0.0100520000000
0.0101720000000
0.0098470000000
0.0095890000000
0.0096980000000
0.0102770000000
0.0098230000000
0.0097020000000
0.0098870000000
0.0100660000000
0.0102840000000
0.0104440000000
0.0107390000000
0.0102600000000
0.0101490000000
0.0105100000000
0.0103560000000
0.0095490000000
0.0096250000000
0.0106790000000
0.0099430000000
0.0096650000000
0.0098150000000
0.0097460000000
0.0102780000000
0.0104260000000
0.0105060000000
0.0097220000000
0.0102860000000
/home/root/klotski/ae_programs/klotski_benchmarks/imgs/inputDir/jpg/download_4.jpg
0.0124280000000
0.0124720000000
0.0124250000000
0.0121420000000
0.0129930000000
0.0125230000000
0.0127900000000
0.0125780000000
0.0122710000000
0.0126950000000
0.0126810000000
0.0125380000000
0.0123810000000
0.0121280000000
0.0119680000000
0.0127180000000
0.0121070000000
0.0123200000000
0.0121230000000
0.0120770000000
0.0121200000000
0.0123760000000
0.0122960000000
0.0121640000000
0.0132760000000
0.0128060000000
0.0122460000000
0.0123360000000
0.0122770000000
0.0123950000000
0.0121840000000
0.0135850000000
0.0127140000000
0.0124530000000
0.0122650000000
0.0117690000000
0.0122640000000
0.0127170000000
0.0128940000000
0.0119850000000
0.0128290000000
0.0126530000000
0.0129070000000
0.0123740000000
0.0133420000000
0.0130020000000
0.0125820000000
0.0123550000000
0.0125610000000
0.0127430000000
/home/root/klotski/ae_programs/klotski_benchmarks/imgs/inputDir/jpg/download_5.jpg
0.0126160000000
0.0127870000000
0.0124170000000
0.0123440000000
0.0123370000000
0.0124790000000
0.0125090000000
0.0124200000000
0.0132720000000
0.0126480000000
0.0121910000000
0.0126450000000
0.0120750000000
0.0121570000000
0.0122760000000
0.0125000000000
0.0122780000000
0.0120920000000
0.0127570000000
0.0120810000000
0.0122590000000
0.0125440000000
0.0128990000000
0.0123440000000
0.0130080000000
0.0121650000000
0.0122170000000
0.0120190000000
0.0125990000000
0.0121850000000
0.0119790000000
0.0119270000000
0.0117150000000
0.0116270000000
0.0126840000000
0.0123620000000
0.0120250000000
0.0124600000000
0.0124470000000
0.0119990000000
0.0120300000000
0.0129400000000
0.0121160000000
0.0122590000000
0.0121890000000
0.0123500000000
0.0122700000000
0.0125060000000
0.0122190000000
0.0123320000000
/home/root/klotski/ae_programs/klotski_benchmarks/imgs/inputDir/jpg/download_6.jpg
0.0101220000000
0.0099940000000
0.0099160000000
0.0099760000000
0.0103480000000
0.0096440000000
0.0093400000000
0.0093280000000
0.0093730000000
0.0095030000000
0.0098960000000
0.0103300000000
0.0098400000000
0.0099470000000
0.0100510000000
0.0102060000000
0.0098750000000
0.0098890000000
0.0098150000000
0.0097650000000
0.0093590000000
0.0095710000000
0.0098080000000
0.0102760000000
0.0102810000000
0.0100580000000
0.0100180000000
0.0096480000000
0.0094810000000
0.0093570000000
0.0096910000000
0.0098360000000
0.0099290000000
0.0099420000000
0.0097790000000
0.0097700000000
0.0098250000000
0.0103800000000
0.0096960000000
0.0095560000000
0.0102010000000
0.0095840000000
0.0095570000000
0.0100150000000
0.0097170000000
0.0093660000000
0.0094660000000
0.0095270000000
0.0093840000000
0.0095000000000
/home/root/klotski/ae_programs/klotski_benchmarks/imgs/inputDir/jpg/download_7.jpg
0.0156280000000
0.0156080000000
0.0153990000000
0.0154030000000
0.0154500000000
0.0152170000000
0.0149960000000
0.0155400000000
0.0153110000000
0.0151820000000
0.0150200000000
0.0155110000000
0.0150810000000
0.0157410000000
0.0157310000000
0.0157280000000
0.0157540000000
0.0151860000000
0.0147810000000
0.0152920000000
0.0159420000000
0.0154370000000
0.0160340000000
0.0157000000000
0.0147600000000
0.0150660000000
0.0155340000000
0.0151250000000
0.0149830000000
0.0153120000000
0.0152760000000
0.0153170000000
0.0154260000000
0.0157390000000
0.0150200000000
0.0150410000000
0.0151360000000
0.0151590000000
0.0151720000000
0.0155240000000
0.0153140000000
0.0151910000000
0.0151720000000
0.0156670000000
0.0151100000000
0.0148330000000
0.0158010000000
0.0149560000000
0.0154200000000
0.0161830000000
/home/root/klotski/ae_programs/klotski_benchmarks/imgs/inputDir/jpg/download_8.jpg
0.0309360000000
0.0307310000000
0.0317790000000
0.0310730000000
0.0299900000000
0.0299640000000
0.0313020000000
0.0311220000000
0.0304770000000
0.0306770000000
0.0307580000000
0.0311150000000
0.0310160000000
0.0311450000000
0.0306350000000
0.0313360000000
0.0303930000000
0.0304790000000
0.0307380000000
0.0311190000000
0.0310040000000
0.0304070000000
0.0302510000000
0.0294750000000
0.0315610000000
0.0308190000000
0.0310460000000
0.0308130000000
0.0310720000000
0.0309100000000
0.0307130000000
0.0309910000000
0.0308910000000
0.0307230000000
0.0302370000000
0.0302470000000
0.0310270000000
0.0316230000000
0.0304880000000
0.0298970000000
0.0300070000000
0.0310630000000
0.0297860000000
0.0304310000000
0.0302010000000
0.0309630000000
0.0304980000000
0.0300430000000
0.0314700000000
0.0303070000000
/home/root/klotski/ae_programs/klotski_benchmarks/imgs/inputDir/jpg/download_9.jpg
0.0140870000000
0.0137710000000
0.0134820000000
0.0138610000000
0.0143180000000
0.0137100000000
0.0137940000000
0.0147630000000
0.0138770000000
0.0139820000000
0.0140880000000
0.0142030000000
0.0140460000000
0.0142670000000
0.0147320000000
0.0141870000000
0.0140310000000
0.0139950000000
0.0140030000000
0.0137810000000
0.0142800000000
0.0142070000000
0.0142680000000
0.0144990000000
0.0140760000000
0.0139920000000
0.0141860000000
0.0144230000000
0.0141310000000
0.0137940000000
0.0141320000000
0.0140320000000
0.0137640000000
0.0142480000000
0.0141540000000
0.0136590000000
0.0134380000000
0.0135490000000
0.0139290000000
0.0143430000000
0.0147230000000
0.0142870000000
0.0141130000000
0.0141660000000
0.0141060000000
0.0140030000000
0.0141480000000
0.0145510000000
0.0135570000000
0.0135010000000
