/home/root/klotski/ae_programs/klotski_benchmarks/imgs/inputDir/jpg/download_0.jpg
0.0111030000000
0.0094950000000
0.0091980000000
0.0093280000000
0.0092460000000
0.0089000000000
0.0091140000000
0.0093050000000
0.0091260000000
0.0093210000000
0.0093400000000
0.0094220000000
0.0095710000000
0.0094950000000
0.0096350000000
0.0092890000000
0.0093710000000
0.0093280000000
0.0091530000000
0.0096760000000
0.0094370000000
0.0093230000000
0.0091170000000
0.0091570000000
0.0092450000000
0.0098430000000
0.0088100000000
0.0093890000000
0.0094050000000
0.0093380000000
0.0091230000000
0.0090110000000
0.0091250000000
0.0093070000000
0.0093660000000
0.0090730000000
0.0092510000000
0.0095960000000
0.0095560000000
0.0088170000000
0.0090030000000
0.0088790000000
0.0086110000000
0.0083960000000
0.0094580000000
0.0091100000000
0.0093750000000
0.0094220000000
0.0092130000000
0.0094720000000
/home/root/klotski/ae_programs/klotski_benchmarks/imgs/inputDir/jpg/download_1.jpg
0.0095510000000
0.0094880000000
0.0087780000000
0.0092110000000
0.0089630000000
0.0090200000000
0.0090650000000
0.0098940000000
0.0091230000000
0.0090880000000
0.0093520000000
0.0085730000000
0.0086960000000
0.0084790000000
0.0091780000000
0.0090070000000
0.0093900000000
0.0090180000000
0.0092280000000
0.0092150000000
0.0100100000000
0.0103010000000
0.0102800000000
0.0102140000000
0.0090360000000
0.0089770000000
0.0096080000000
0.0095810000000
0.0091520000000
0.0092640000000
0.0091930000000
0.0087410000000
0.0088760000000
0.0093360000000
0.0087690000000
0.0085170000000
0.0085230000000
0.0087440000000
0.0088200000000
0.0093130000000
0.0087840000000
0.0087180000000
0.0084480000000
0.0089630000000
0.0086490000000
0.0085160000000
0.0097630000000
0.0092370000000
0.0098770000000
0.0096130000000
/home/root/klotski/ae_programs/klotski_benchmarks/imgs/inputDir/jpg/download_2.jpg
0.0119510000000
0.0116800000000
0.0119840000000
0.0117730000000
0.0119790000000
0.0120760000000
0.0121690000000
0.0120240000000
0.0120330000000
0.0128320000000
0.0146580000000
0.0145010000000
0.0127160000000
0.0117750000000
0.0116710000000
0.0119050000000
0.0122600000000
0.0120820000000
0.0120350000000
0.0119650000000
0.0121130000000
0.0114590000000
0.0120190000000
0.0117860000000
0.0116760000000
0.0118930000000
0.0115100000000
0.0114690000000
0.0115820000000
0.0123980000000
0.0114490000000
0.0114680000000
0.0117480000000
0.0121600000000
0.0120190000000
0.0120970000000
0.0127710000000
0.0115040000000
0.0114460000000
0.0113710000000
0.0114770000000
0.0117650000000
0.0121640000000
0.0118000000000
0.0115140000000
0.0112150000000
0.0111980000000
0.0112240000000
0.0119720000000
0.0126180000000
/home/root/klotski/ae_programs/klotski_benchmarks/imgs/inputDir/jpg/download_3.jpg
0.0101580000000
0.0103530000000
0.0104100000000
0.0099460000000
0.0101830000000
0.0099780000000
0.0108020000000
0.0105520000000
0.0101560000000
0.0102050000000
0.0103740000000
0.0105920000000
0.0102160000000
0.0106790000000
0.0100850000000
0.0095710000000
0.0097860000000
0.0100850000000
0.0100850000000
0.0099990000000
0.0103810000000
0.0099780000000
0.0102270000000
0.0100950000000
0.0099830000000
0.0100850000000
0.0102690000000
0.0105950000000
0.0100450000000
0.0104440000000
0.0101440000000
0.0100500000000
0.0100290000000
0.0101970000000
0.0103830000000
0.0097420000000
0.0093880000000
0.0092330000000
0.0096930000000
0.0095840000000
0.0098090000000
0.0104310000000
0.0100220000000
0.0094580000000
0.0098360000000
0.0103710000000
0.0098190000000
0.0105110000000
0.0094460000000
0.0096550000000
/home/root/klotski/ae_programs/klotski_benchmarks/imgs/inputDir/jpg/download_4.jpg
0.0121540000000
0.0121210000000
0.0123540000000
0.0121060000000
0.0128160000000
0.0124540000000
0.0119470000000
0.0127550000000
0.0123260000000
0.0123720000000
0.0132490000000
0.0125090000000
0.0120650000000
0.0117400000000
0.0126910000000
0.0124560000000
0.0126130000000
0.0126080000000
0.0122510000000
0.0121260000000
0.0123070000000
0.0126020000000
0.0125010000000
0.0121790000000
0.0129460000000
0.0123350000000
0.0121370000000
0.0123150000000
0.0125090000000
0.0125120000000
0.0128620000000
0.0130960000000
0.0120210000000
0.0124150000000
0.0122180000000
0.0119320000000
0.0120200000000
0.0125530000000
0.0128840000000
0.0127600000000
0.0127590000000
0.0124710000000
0.0122010000000
0.0118890000000
0.0125020000000
0.0128290000000
0.0128770000000
0.0126440000000
0.0124540000000
0.0123310000000
/home/root/klotski/ae_programs/klotski_benchmarks/imgs/inputDir/jpg/download_5.jpg
0.0122770000000
0.0125640000000
0.0121280000000
0.0120690000000
0.0120470000000
0.0122290000000
0.0125110000000
0.0123630000000
0.0122860000000
0.0117450000000
0.0121160000000
0.0121460000000
0.0122040000000
0.0119310000000
0.0124590000000
0.0123480000000
0.0120380000000
0.0120950000000
0.0120510000000
0.0122820000000
0.0120270000000
0.0125770000000
0.0118040000000
0.0120270000000
0.0123860000000
0.0121610000000
0.0121360000000
0.0121600000000
0.0126240000000
0.0124730000000
0.0123090000000
0.0119670000000
0.0119290000000
0.0120110000000
0.0127430000000
0.0118100000000
0.0115860000000
0.0117060000000
0.0116180000000
0.0116880000000
0.0118940000000
0.0130090000000
0.0121680000000
0.0121330000000
0.0123420000000
0.0121480000000
0.0122150000000
0.0125320000000
0.0125480000000
0.0116140000000
/home/root/klotski/ae_programs/klotski_benchmarks/imgs/inputDir/jpg/download_6.jpg
0.0089030000000
0.0097410000000
0.0097580000000
0.0097340000000
0.0102350000000
0.0098410000000
0.0097320000000
0.0097640000000
0.0101100000000
0.0095550000000
0.0099720000000
0.0102360000000
0.0099640000000
0.0105060000000
0.0096330000000
0.0101330000000
0.0097290000000
0.0098720000000
0.0096860000000
0.0096420000000
0.0095860000000
0.0098790000000
0.0095680000000
0.0095660000000
0.0098240000000
0.0097840000000
0.0096650000000
0.0099310000000
0.0098970000000
0.0100400000000
0.0100460000000
0.0101250000000
0.0097470000000
0.0099390000000
0.0094010000000
0.0091500000000
0.0089290000000
0.0094820000000
0.0094710000000
0.0094840000000
0.0099320000000
0.0097830000000
0.0095340000000
0.0098560000000
0.0103860000000
0.0097760000000
0.0098130000000
0.0097790000000
0.0101420000000
0.0101150000000
/home/root/klotski/ae_programs/klotski_benchmarks/imgs/inputDir/jpg/download_7.jpg
0.0158390000000
0.0153500000000
0.0151160000000
0.0154980000000
0.0151600000000
0.0150050000000
0.0153140000000
0.0157750000000
0.0150680000000
0.0147640000000
0.0149680000000
0.0150490000000
0.0153050000000
0.0155210000000
0.0154420000000
0.0147800000000
0.0147120000000
0.0147010000000
0.0147010000000
0.0148380000000
0.0156240000000
0.0160390000000
0.0142170000000
0.0145660000000
0.0150210000000
0.0148630000000
0.0150500000000
0.0156470000000
0.0152400000000
0.0151190000000
0.0151300000000
0.0150110000000
0.0153180000000
0.0154520000000
0.0152170000000
0.0153980000000
0.0150600000000
0.0153150000000
0.0156470000000
0.0154320000000
0.0162540000000
0.0155420000000
0.0153980000000
0.0150490000000
0.0148430000000
0.0150000000000
0.0158630000000
0.0154960000000
0.0149360000000
0.0152030000000
/home/root/klotski/ae_programs/klotski_benchmarks/imgs/inputDir/jpg/download_8.jpg
0.0306330000000
0.0303910000000
0.0317460000000
0.0305800000000
0.0306710000000
0.0306700000000
0.0305660000000
0.0306880000000
0.0303630000000
0.0299250000000
0.0300040000000
0.0307460000000
0.0309680000000
0.0308050000000
0.0309170000000
0.0319440000000
0.0373700000000
0.0374380000000
0.0363910000000
0.0306980000000
0.0305570000000
0.0308750000000
0.0315350000000
0.0322010000000
0.0311490000000
0.0302800000000
0.0305790000000
0.0310540000000
0.0308720000000
0.0303520000000
0.0305960000000
0.0293980000000
0.0301100000000
0.0327060000000
0.0371200000000
0.0371140000000
0.0372090000000
0.0333560000000
0.0303410000000
0.0302240000000
0.0303630000000
0.0307920000000
0.0297780000000
0.0303300000000
0.0303720000000
0.0307480000000
0.0309990000000
0.0298660000000
0.0303940000000
0.0295370000000
/home/root/klotski/ae_programs/klotski_benchmarks/imgs/inputDir/jpg/download_9.jpg
0.0139510000000
0.0137240000000
0.0139660000000
0.0137670000000
0.0134760000000
0.0138150000000
0.0138500000000
0.0147180000000
0.0141370000000
0.0136430000000
0.0139170000000
0.0138810000000
0.0140190000000
0.0140660000000
0.0143570000000
0.0142290000000
0.0137820000000
0.0140480000000
0.0145920000000
0.0143450000000
0.0146480000000
0.0141070000000
0.0138790000000
0.0137610000000
0.0138830000000
0.0139150000000
0.0138650000000
0.0143380000000
0.0138800000000
0.0142980000000
0.0137480000000
0.0141750000000
0.0139740000000
0.0137690000000
0.0144780000000
0.0137460000000
0.0133810000000
0.0134090000000
0.0133860000000
0.0142020000000
0.0135360000000
0.0145310000000
0.0139630000000
0.0136140000000
0.0135460000000
0.0140310000000
0.0140390000000
0.0145200000000
0.0140010000000
0.0131140000000
